3000013	1
3000024	1
3000025	1
3000026	1
3000027	1
3000074	1
3000149	1
3000172	1
3000179	1
3000198	1
3000206	1
3000215	1
3000216	1
3000237	1
3000251	1
3000254	1
3000263	1
3000300	1
3000377	1
3000378	1
3000379	1
3000391	1
3000421	1
3000491	1
3000499	1
3000502	1
3000504	1
3000506	1
3000508	1
3000510	1
3000516	1
3000518	1
3000535	1
3000565	1
3000617	1
3000620	1
3000621	1
3000656	1
3000676	1
3000746	1
3000753	1
3000768	1
3000777	1
3000789	1
3000790	1
3000791	1
3000792	1
3000793	1
3000794	1
3000795	1
3000796	1
3000800	1
3000801	1
3000802	1
3000803	1
3000804	1
3000805	1
3000806	1
3000807	1
3000808	1
3000809	1
3000813	1
3000814	1
3000815	1
3000816	1
3000818	1
3000819	1
3000822	1
3000823	1
3000826	1
3000828	1
3000829	1
3000830	1
3000832	1
3000833	1
3000838	1
3000839	1
3000866	1
3001214	1
3001216	1
3001327	1
3001328	1
3001329	1
3001796	1
3002132	1
3002500	1
3002541	1
3002571	1
3002619	1
3002626	1
3002645	1
3002679	1
3002702	1
3002703	1
3002705	1
3002813	1
3002819	1
3002865	1
3002866	1
3002875	1
3002877	1
3002882	1
3002884	1
3002909	1
3002919	1
3002925	1
3002926	1
3002928	1
3002940	1
3002944	1
3002945	1
3002964	1
3002985	1
3002986	1
3002987	1
3003006	1
3003007	1
3003030	1
3003031	1
3003033	1
3003034	1
3003042	1
3003043	1
3003048	1
3003049	1
3003053	1
3003059	1
3003063	1
3003064	1
3003066	1
3003074	1
3003077	1
3003078	1
3003079	1
3003092	1
3003105	1
3003285	1
3003288	1
3003291	1
3003294	1
3003296	1
3003301	1
3003303	1
3003306	1
3003307	1
3003308	1
3003311	1
3003312	1
3003315	1
3003316	1
3003317	1
3003319	1
3003323	1
3003324	1
3003369	1
3003378	1
3003379	1
3003381	1
3003386	1
3003387	1
3003390	1
3003392	1
3003395	1
3003458	1
3003463	1
3003511	1
3003548	1
3003549	1
3003550	1
3003551	1
3003552	1
3003573	1
3003574	1
3003576	1
3003577	1
3003578	1
3003582	1
3003583	1
3003585	1
3003665	1
3003679	1
3003680	1
3003681	1
3003682	1
3003684	1
3003685	1
3003686	1
3003692	1
3003693	1
3003698	1
3003699	1
3003700	1
3003702	1
3003704	1
3003705	1
3003709	1
3003710	1
3003723	1
3003727	1
3003728	1
3003729	1
3003735	1
3003737	1
3003746	1
3003751	1
3003760	1
3003770	1
3003775	1
3003776	1
3003784	1
3003788	1
3003790	1
3003791	1
3003792	1
3003794	1
3003797	1
3003801	1
3003805	1
3003807	1
3003809	1
3003820	1
3003835	1
3003836	1
3003838	1
3003841	1
3003889	1
3003890	1
3003893	1
3003895	1
3003896	1
3003899	1
3003900	1
3003901	1
3003902	1
3003905	1
3003917	1
3003926	1
3003930	1
3003942	1
3003948	1
3003949	1
3003950	1
3003952	1
3003953	1
3003968	1
3003969	1
3003970	1
3003986	1
3003992	1
3004033	1
3004035	1
3004038	1
3004039	1
3004043	1
3004045	1
3004049	1
3004054	1
3004059	1
3004063	1
3004069	1
3004072	1
3004073	1
3004074	1
3004075	1
3004077	1
3004097	1
3004107	1
3004114	1
3004122	1
3004126	1
3004127	1
3004128	1
3004153	1
3004290	1
3004446	1
3004470	1
3004476	1
3004541	1
3004561	1
3004572	1
3004573	1
3004574	1
3004577	1
3004580	1
3004583	1
3004611	1
3004612	1
3004614	1
3004651	1
3004661	1
3004663	1
3004667	1
3004681	1